ID	perc	x	dl	degN	degE	N	off	Nmethod
BRU	81.51		8	31.11666667	-81.46666667	381	NA	estimate
BRU	92.85714286		12	31.11666667	-81.46666667	382	NA	estimate
BRU	94.20289855		12.5	31.11666667	-81.46666667	383	NA	estimate
BRU	26.72064777		12.75	31.11666667	-81.46666667	384	NA	estimate
BRU	25.0755287		13	31.11666667	-81.46666667	385	NA	estimate
BRU	14.61675579		13.25	31.11666667	-81.46666667	386	NA	estimate
BRU	5.837563452		13.5	31.11666667	-81.46666667	387	NA	estimate
BRU	4.895104895		13.75	31.11666667	-81.46666667	388	NA	estimate
BRU	0.317460317		14	31.11666667	-81.46666667	389	NA	estimate
BRU	3.436426117		14.25	31.11666667	-81.46666667	390	NA	estimate
BRU	0		14.5	31.11666667	-81.46666667	391	NA	estimate
BRU	2.097902098		16	31.11666667	-81.46666667	392	NA	estimate
HIR	99.35		8	34.38333333	132.4666667	393	NA	estimate
HIR	100		12	34.38333333	132.4666667	394	NA	estimate
HIR	65.50387597		12.5	34.38333333	132.4666667	395	NA	estimate
HIR	72.2007722		12.75	34.38333333	132.4666667	396	NA	estimate
HIR	61.83206107		13	34.38333333	132.4666667	397	NA	estimate
HIR	39.92094862		13.25	34.38333333	132.4666667	398	NA	estimate
HIR	26.625387		13.5	34.38333333	132.4666667	399	NA	estimate
HIR	2.127659574		13.75	34.38333333	132.4666667	400	NA	estimate
HIR	2.954898911		14	34.38333333	132.4666667	401	NA	estimate
HIR	2.21402214		14.25	34.38333333	132.4666667	402	NA	estimate
HIR	0		14.5	34.38333333	132.4666667	403	NA	estimate
HIR	0.577200577		16	34.38333333	132.4666667	404	NA	estimate
JACK	62.5		8	30.31666667	-81.78333333	405	NA	estimate
JACK	54.03225806		12	30.31666667	-81.78333333	406	NA	estimate
JACK	46.02851324		12.5	30.31666667	-81.78333333	407	NA	estimate
JACK	25		12.75	30.31666667	-81.78333333	408	NA	estimate
JACK	5.642633229		13	30.31666667	-81.78333333	409	NA	estimate
JACK	8.309455587		13.25	30.31666667	-81.78333333	410	NA	estimate
JACK	1.369863014		13.5	30.31666667	-81.78333333	411	NA	estimate
JACK	0.479616307		13.75	30.31666667	-81.78333333	412	NA	estimate
JACK	2.23325062		14	30.31666667	-81.78333333	413	NA	estimate
JACK	0		14.25	30.31666667	-81.78333333	414	NA	estimate
JACK	3.357314149		14.5	30.31666667	-81.78333333	415	NA	estimate
JACK	9.62962963		16	30.31666667	-81.78333333	416	NA	estimate
KHO	83.75	83.75	8	37.36666667	140.3666667	417	NA	estimate
KHO	78.53403141	78.53403141	12	37.36666667	140.3666667	418	NA	estimate
KHO	81.08108108	81.08108108	12.5	37.36666667	140.3666667	419	NA	estimate
KHO	68.98496241	68.98496241	12.75	37.36666667	140.3666667	420	NA	estimate
KHO	78.25112108	78.25112108	13	37.36666667	140.3666667	421	NA	estimate
KHO	68.75	68.75	13.25	37.36666667	140.3666667	422	NA	estimate
KHO	27.15654952	27.15654952	13.5	37.36666667	140.3666667	423	NA	estimate
KHO	17.77251185	17.77251185	13.75	37.36666667	140.3666667	424	NA	estimate
KHO	8.070175439	8.070175439	14	37.36666667	140.3666667	425	NA	estimate
KHO	5.818181818	5.818181818	14.25	37.36666667	140.3666667	426	NA	estimate
KHO	7.033639144	7.033639144	14.5	37.36666667	140.3666667	427	NA	estimate
KHO	6.079027356	6.079027356	16	37.36666667	140.3666667	428	NA	estimate
MAN	99.57		8	38.61666667	-77.41666667	429	NA	estimate
MAN	99.58158996		12	38.61666667	-77.41666667	430	NA	estimate
MAN	97.77777778		12.5	38.61666667	-77.41666667	431	NA	estimate
MAN	94.58333333		12.75	38.61666667	-77.41666667	432	NA	estimate
MAN	81.46341463		13	38.61666667	-77.41666667	433	NA	estimate
MAN	59.39675174		13.25	38.61666667	-77.41666667	434	NA	estimate
MAN	52.50965251		13.5	38.61666667	-77.41666667	435	NA	estimate
MAN	14.34977578		13.75	38.61666667	-77.41666667	436	NA	estimate
MAN	41.796875		14	38.61666667	-77.41666667	437	NA	estimate
MAN	10.94527363		14.25	38.61666667	-77.41666667	438	NA	estimate
MAN	11.2244898		14.5	38.61666667	-77.41666667	439	NA	estimate
MAN	5.607476636		16	38.61666667	-77.41666667	440	NA	estimate
MEL	11.9		8	27.56666667	-80.36666667	441	NA	estimate
MEL	12.94820717		12	27.56666667	-80.36666667	442	NA	estimate
MEL	4.918032787		12.5	27.56666667	-80.36666667	443	NA	estimate
MEL	2.471910112		12.75	27.56666667	-80.36666667	444	NA	estimate
MEL	4.918032787		13	27.56666667	-80.36666667	445	NA	estimate
MEL	3.313253012		13.25	27.56666667	-80.36666667	446	NA	estimate
MEL	0.334448161		13.5	27.56666667	-80.36666667	447	NA	estimate
MEL	0		13.75	27.56666667	-80.36666667	448	NA	estimate
MEL	1.271860095		14	27.56666667	-80.36666667	449	NA	estimate
MEL	1.287553648		14.25	27.56666667	-80.36666667	450	NA	estimate
MEL	0.324675325		14.5	27.56666667	-80.36666667	451	NA	estimate
MEL	0.583090379		16	27.56666667	-80.36666667	452	NA	estimate
NEW	100		8	40.71666667	-74.06666667	453	NA	estimate
NEW	98.50187266		12	40.71666667	-74.06666667	454	NA	estimate
NEW	98.68421053		12.5	40.71666667	-74.06666667	455	NA	estimate
NEW	100		12.75	40.71666667	-74.06666667	456	NA	estimate
NEW	97.20930233		13	40.71666667	-74.06666667	457	NA	estimate
NEW	97.62532982		13.25	40.71666667	-74.06666667	458	NA	estimate
NEW	79.95169082		13.5	40.71666667	-74.06666667	459	NA	estimate
NEW	29.95780591		13.75	40.71666667	-74.06666667	460	NA	estimate
NEW	44.76190476		14	40.71666667	-74.06666667	461	NA	estimate
NEW	49.33628319		14.25	40.71666667	-74.06666667	462	NA	estimate
NEW	8.571428571		14.5	40.71666667	-74.06666667	463	NA	estimate
NEW	0		16	40.71666667	-74.06666667	464	NA	estimate
NVA	98.71		8	36.35	-78.36666667	465	NA	estimate
NVA	95.90163934		12	36.35	-78.36666667	466	NA	estimate
NVA	94.07665505		12.5	36.35	-78.36666667	467	NA	estimate
NVA	78.27868852		12.75	36.35	-78.36666667	468	NA	estimate
NVA	66.95156695		13	36.35	-78.36666667	469	NA	estimate
NVA	37.02702703		13.25	36.35	-78.36666667	470	NA	estimate
NVA	27.92553191		13.5	36.35	-78.36666667	471	NA	estimate
NVA	18.60465116		13.75	36.35	-78.36666667	472	NA	estimate
NVA	15.76086957		14	36.35	-78.36666667	473	NA	estimate
NVA	3.048780488		14.25	36.35	-78.36666667	474	NA	estimate
NVA	16.66666667		14.5	36.35	-78.36666667	475	NA	estimate
NVA	9.090909091		16	36.35	-78.36666667	476	NA	estimate
OKI	26.06		8	26.21666667	127.9166667	477	NA	estimate
OKI	24.3902439		12	26.21666667	127.9166667	478	NA	estimate
OKI	20.18779343		12.5	26.21666667	127.9166667	479	NA	estimate
OKI	25.6227758		12.75	26.21666667	127.9166667	480	NA	estimate
OKI	6.343283582		13	26.21666667	127.9166667	481	NA	estimate
OKI	3.773584906		13.25	26.21666667	127.9166667	482	NA	estimate
OKI	1.777777778		13.5	26.21666667	127.9166667	483	NA	estimate
OKI	10.98901099		13.75	26.21666667	127.9166667	484	NA	estimate
OKI	0		14	26.21666667	127.9166667	485	NA	estimate
OKI	0		14.25	26.21666667	127.9166667	486	NA	estimate
OKI	6.194690265		14.5	26.21666667	127.9166667	487	NA	estimate
OKI	0.974025974		16	26.21666667	127.9166667	488	NA	estimate
SHI	90.38		8	34.01666667	130.9333333	489	NA	estimate
SHI	85.15283843		12	34.01666667	130.9333333	490	NA	estimate
SHI	80		12.5	34.01666667	130.9333333	491	NA	estimate
SHI	60.63218391		12.75	34.01666667	130.9333333	492	NA	estimate
SHI	56.01265823		13	34.01666667	130.9333333	493	NA	estimate
SHI	27.35849057		13.25	34.01666667	130.9333333	494	NA	estimate
SHI	33.43465046		13.5	34.01666667	130.9333333	495	NA	estimate
SHI	27.07006369		13.75	34.01666667	130.9333333	496	NA	estimate
SHI	7.670454545		14	34.01666667	130.9333333	497	NA	estimate
SHI	2.926829268		14.25	34.01666667	130.9333333	498	NA	estimate
SHI	1.616161616		14.5	34.01666667	130.9333333	499	NA	estimate
SHI	3.829787234		16	34.01666667	130.9333333	500	NA	estimate
UTS	92.93		8	36.53333333	139.8666667	501	NA	estimate
UTS	99.56803456		12	36.53333333	139.8666667	502	NA	estimate
UTS	95.12820513		12.5	36.53333333	139.8666667	503	NA	estimate
UTS	97.97979798		12.75	36.53333333	139.8666667	504	NA	estimate
UTS	92.8		13	36.53333333	139.8666667	505	NA	estimate
UTS	80		13.25	36.53333333	139.8666667	506	NA	estimate
UTS	67.48844376		13.5	36.53333333	139.8666667	507	NA	estimate
UTS	21.57676349		13.75	36.53333333	139.8666667	508	NA	estimate
UTS	1.133786848		14	36.53333333	139.8666667	509	NA	estimate
UTS	1.864181092		14.25	36.53333333	139.8666667	510	NA	estimate
UTS	6.106870229		14.5	36.53333333	139.8666667	511	NA	estimate
UTS	7.807807808		16	36.53333333	139.8666667	512	NA	estimate
AIZ	95.43		8	37.46666667	139.9333333	513	NA	estimate
AIZ	95.14925373		12	37.46666667	139.9333333	514	NA	estimate
AIZ	93.35624284		12.5	37.46666667	139.9333333	515	NA	estimate
AIZ	95.79439252		12.75	37.46666667	139.9333333	516	NA	estimate
AIZ	76.47058824		13	37.46666667	139.9333333	517	NA	estimate
AIZ	66.10576923		13.25	37.46666667	139.9333333	518	NA	estimate
AIZ	59.88538682		13.5	37.46666667	139.9333333	519	NA	estimate
AIZ	73.52941176		13.75	37.46666667	139.9333333	520	NA	estimate
AIZ	26.09756098		14	37.46666667	139.9333333	521	NA	estimate
AIZ	14.59074733		14.25	37.46666667	139.9333333	522	NA	estimate
AIZ	3.236245955		14.5	37.46666667	139.9333333	523	NA	estimate
AIZ	2.5		16	37.46666667	139.9333333	524	NA	estimate
BER	97.57		8	39.76666667	-74.98333333	525	NA	estimate
BER	92.63913824		12	39.76666667	-74.98333333	526	NA	estimate
BER	91.98396794		12.5	39.76666667	-74.98333333	527	NA	estimate
BER	93.10344828		12.75	39.76666667	-74.98333333	528	NA	estimate
BER	60.90534979		13	39.76666667	-74.98333333	529	NA	estimate
BER	47.61904762		13.25	39.76666667	-74.98333333	530	NA	estimate
BER	51.09628217		13.5	39.76666667	-74.98333333	531	NA	estimate
BER	35.14851485		13.75	39.76666667	-74.98333333	532	NA	estimate
BER	10.21276596		14	39.76666667	-74.98333333	533	NA	estimate
BER	13.2505176		14.25	39.76666667	-74.98333333	534	NA	estimate
BER	1.737451737		14.5	39.76666667	-74.98333333	535	NA	estimate
BER	1.889338731		16	39.76666667	-74.98333333	536	NA	estimate
FAY	94.89		8	35.01666667	-78.08333333	537	NA	estimate
FAY	84		12	35.01666667	-78.08333333	538	NA	estimate
FAY	80.10075567		12.5	35.01666667	-78.08333333	539	NA	estimate
FAY	89.3129771		12.75	35.01666667	-78.08333333	540	NA	estimate
FAY	56.50224215		13	35.01666667	-78.08333333	541	NA	estimate
FAY	28.94736842		13.25	35.01666667	-78.08333333	542	NA	estimate
FAY	10.08403361		13.5	35.01666667	-78.08333333	543	NA	estimate
FAY	12.58581236		13.75	35.01666667	-78.08333333	544	NA	estimate
FAY	2.586206897		14	35.01666667	-78.08333333	545	NA	estimate
FAY	0.289855072		14.25	35.01666667	-78.08333333	546	NA	estimate
FAY	3.070175439		14.5	35.01666667	-78.08333333	547	NA	estimate
FAY	0.735294118		16	35.01666667	-78.08333333	548	NA	estimate
KAG	96.3		8	31.55	130.55	549	NA	estimate
KAG	87.87878788		12	31.55	130.55	550	NA	estimate
KAG	97.44680851		12.5	31.55	130.55	551	NA	estimate
KAG	64.8		12.75	31.55	130.55	552	NA	estimate
KAG	70.41322314		13	31.55	130.55	553	NA	estimate
KAG	64.04958678		13.25	31.55	130.55	554	NA	estimate
KAG	13.29243354		13.5	31.55	130.55	555	NA	estimate
KAG	6.696428571		13.75	31.55	130.55	556	NA	estimate
KAG	2.23880597		14	31.55	130.55	557	NA	estimate
KAG	3.482587065		14.25	31.55	130.55	558	NA	estimate
KAG	11.37931034		14.5	31.55	130.55	559	NA	estimate
KAG	1.440329218		16	31.55	130.55	560	NA	estimate
OAK	52.86		8	28.85	-80.85	561	NA	estimate
OAK	50.65963061		12	28.85	-80.85	562	NA	estimate
OAK	18.63636364		12.5	28.85	-80.85	563	NA	estimate
OAK	4.613095238		12.75	28.85	-80.85	564	NA	estimate
OAK	12.40601504		13	28.85	-80.85	565	NA	estimate
OAK	4.141104294		13.25	28.85	-80.85	566	NA	estimate
OAK	4.635761589		13.5	28.85	-80.85	567	NA	estimate
OAK	4.406779661		13.75	28.85	-80.85	568	NA	estimate
OAK	1.966717095		14	28.85	-80.85	569	NA	estimate
OAK	3.98089172		14.25	28.85	-80.85	570	NA	estimate
OAK	1.40562249		14.5	28.85	-80.85	571	NA	estimate
OAK	0.69124424		16	28.85	-80.85	572	NA	estimate
SAK	98.99		8	38.91666667	139.0083333	573	NA	estimate
SAK	99.76905312		12	38.91666667	139.0083333	574	NA	estimate
SAK	98.97610922		12.5	38.91666667	139.0083333	575	NA	estimate
SAK	94.79940565		12.75	38.91666667	139.0083333	576	NA	estimate
SAK	95.76923077		13	38.91666667	139.0083333	577	NA	estimate
SAK	69.95708155		13.25	38.91666667	139.0083333	578	NA	estimate
SAK	78.8961039		13.5	38.91666667	139.0083333	579	NA	estimate
SAK	41.24293785		13.75	38.91666667	139.0083333	580	NA	estimate
SAK	15.02782931		14	38.91666667	139.0083333	581	NA	estimate
SAK	18.5		14.25	38.91666667	139.0083333	582	NA	estimate
SAK	3.964757709		14.5	38.91666667	139.0083333	583	NA	estimate
SAK	1.690140845		16	38.91666667	139.0083333	584	NA	estimate
TAN	96.11		8	30.71666667	130.9666667	585	NA	estimate
TAN	81.14754098		12	30.71666667	130.9666667	586	NA	estimate
TAN	62.10045662		12.5	30.71666667	130.9666667	587	NA	estimate
TAN	41.62679426		12.75	30.71666667	130.9666667	588	NA	estimate
TAN	23.57723577		13	30.71666667	130.9666667	589	NA	estimate
TAN	13.58381503		13.25	30.71666667	130.9666667	590	NA	estimate
TAN	6.849315068		13.5	30.71666667	130.9666667	591	NA	estimate
TAN	5.167173252		13.75	30.71666667	130.9666667	592	NA	estimate
TAN	6.285714286		14	30.71666667	130.9666667	593	NA	estimate
TAN	2.946954813		14.25	30.71666667	130.9666667	594	NA	estimate
TAN	1.13960114		14.5	30.71666667	130.9666667	595	NA	estimate
TAN	0.873362445		16	30.71666667	130.9666667	596	NA	estimate
TOK	94.66		8	35.63333333	139.6333333	597	NA	estimate
TOK	92.3943662		12	35.63333333	139.6333333	598	NA	estimate
TOK	80.68350669		12.5	35.63333333	139.6333333	599	NA	estimate
TOK	83.76068376		12.75	35.63333333	139.6333333	600	NA	estimate
TOK	82.8042328		13	35.63333333	139.6333333	601	NA	estimate
TOK	56.97674419		13.25	35.63333333	139.6333333	602	NA	estimate
TOK	15.19607843		13.5	35.63333333	139.6333333	603	NA	estimate
TOK	16.97247706		13.75	35.63333333	139.6333333	604	NA	estimate
TOK	13.51351351		14	35.63333333	139.6333333	605	NA	estimate
TOK	3.249097473		14.25	35.63333333	139.6333333	606	NA	estimate
TOK	8.550185874		14.5	35.63333333	139.6333333	607	NA	estimate
TOK	0.634920635		16	35.63333333	139.6333333	608	NA	estimate
WAV	96.81		8	37.03333333	-77.11666667	609	NA	estimate
WAV	84.95575221		12	37.03333333	-77.11666667	610	NA	estimate
WAV	86.04651163		12.5	37.03333333	-77.11666667	611	NA	estimate
WAV	90.1754386		12.75	37.03333333	-77.11666667	612	NA	estimate
WAV	65.58265583		13	37.03333333	-77.11666667	613	NA	estimate
WAV	64.03162055		13.25	37.03333333	-77.11666667	614	NA	estimate
WAV	46.77419355		13.5	37.03333333	-77.11666667	615	NA	estimate
WAV	23.52941176		13.75	37.03333333	-77.11666667	616	NA	estimate
WAV	13.37579618		14	37.03333333	-77.11666667	617	NA	estimate
WAV	6.392694064		14.25	37.03333333	-77.11666667	618	NA	estimate
WAV	12.97709924		14.5	37.03333333	-77.11666667	619	NA	estimate
WAV	0.704225352		16	37.03333333	-77.11666667	620	NA	estimate
ZIO	92.44		8	33.75	-80.03333333	621	NA	estimate
ZIO	90.12345679		12	33.75	-80.03333333	622	NA	estimate
ZIO	81.81818182		12.5	33.75	-80.03333333	623	NA	estimate
ZIO	65.84699454		12.75	33.75	-80.03333333	624	NA	estimate
ZIO	62.5		13	33.75	-80.03333333	625	NA	estimate
ZIO	14.32225064		13.25	33.75	-80.03333333	626	NA	estimate
ZIO	25.84269663		13.5	33.75	-80.03333333	627	NA	estimate
ZIO	12.58169935		13.75	33.75	-80.03333333	628	NA	estimate
ZIO	4.518072289		14	33.75	-80.03333333	629	NA	estimate
ZIO	1.904761905		14.25	33.75	-80.03333333	630	NA	estimate
ZIO	1.126760563		14.5	33.75	-80.03333333	631	NA	estimate
ZIO	1.486486486		16	33.75	-80.03333333	632	NA	estimate
